30,0.000000
0  0.792644  0.860979  0.133304  0.520805  0.650643  0.347249  0.871614  0.278444  0.018694  0.041012  0.680528  0.558328  0.946379  0.938518  0.909726  0.041757  0.749006  0.701427  0.655279  0.712608  0.902763  0.640009  0.372328  0.538048 
1  0.792552  0.861539  0.133269  0.521465  0.651101  0.347129  0.872167  0.278666  0.018571  0.040779  0.680488  0.558119  0.946384  0.938951  0.909311  0.042015  0.749485  0.701457  0.655788  0.712296  0.902564  0.640441  0.372564  0.537820 
2  0.208345  0.587130  0.009105  0.151098  0.333532  0.789692  0.718414  0.338280  0.620475  0.041372  0.163957  0.982024  0.289568  0.394563  0.547881  0.293419  0.478054  0.239743  0.047961  0.179662  0.522908  0.071178  0.403019  0.328611 
3  0.612832  0.656450  0.476572  0.089569  0.758015  0.876877  0.923467  0.842529  0.898526  0.922709  0.540608  0.391276  0.705388  0.275495  0.810926  0.849178  0.894968  0.589568  0.950159  0.579138  0.450215  0.660103  0.996054  0.916563 
4  0.471933  0.100791  0.434196  0.610816  0.913007  0.966959  0.476820  0.865464  0.260280  0.805187  0.549231  0.014182  0.719883  0.399320  0.824922  0.668253  0.000938  0.493544  0.867845  0.243908  0.325359  0.870547  0.190792  0.567621 
5  0.612588  0.657016  0.476641  0.089936  0.757294  0.876622  0.923455  0.842497  0.898151  0.922862  0.540749  0.391112  0.705176  0.275156  0.811650  0.850040  0.895177  0.589342  0.949647  0.579723  0.450694  0.660519  0.996009  0.917083 
6  0.472346  0.101302  0.433995  0.611069  0.913114  0.966398  0.476836  0.865561  0.260748  0.804602  0.548880  0.014334  0.720059  0.398850  0.824614  0.667968  0.001076  0.493739  0.867610  0.244153  0.325661  0.870430  0.190859  0.567755 
7  0.199253  0.358875  0.731832  0.838319  0.918599  0.169732  0.672707  0.966487  0.058080  0.675734  0.845583  0.342567  0.250117  0.596780  0.442517  0.174237  0.471746  0.409602  0.569266  0.508604  0.311235  0.357070  0.837487  0.251077 
8  0.576444  0.391375  0.369835  0.980260  0.036495  0.022151  0.961199  0.185128  0.123404  0.210646  0.800490  0.936671  0.022832  0.425849  0.101386  0.260411  0.220785  0.646890  0.350533  0.180479  0.503765  0.039154  0.101071  0.988049 
9  0.575944  0.391109  0.370261  0.980558  0.036541  0.021736  0.961018  0.185018  0.124163  0.210714  0.800472  0.937406  0.022998  0.425206  0.101402  0.259994  0.220944  0.646776  0.350313  0.180497  0.504187  0.039414  0.100976  0.988564 
10  0.612788  0.656536  0.476465  0.089791  0.757328  0.876706  0.923230  0.842091  0.898083  0.923205  0.540900  0.391274  0.705628  0.275704  0.811856  0.849602  0.894976  0.589628  0.949656  0.579781  0.450853  0.660128  0.996264  0.916980 
11  0.238394  0.967638  0.803089  0.447935  0.080154  0.320303  0.507823  0.933294  0.108950  0.551323  0.706398  0.547892  0.814374  0.540184  0.963633  0.603027  0.587590  0.444937  0.596224  0.384381  0.575665  0.290563  0.189347  0.186765 
12  0.238939  0.967360  0.802997  0.448161  0.080425  0.319761  0.507601  0.932998  0.109355  0.551321  0.706465  0.547699  0.814407  0.540071  0.963409  0.603577  0.587807  0.444699  0.596456  0.384486  0.575886  0.290091  0.189649  0.186936 
13  0.414811  0.099419  0.908773  0.474172  0.840798  0.976110  0.343177  0.479311  0.699695  0.426656  0.301924  0.735274  0.894660  0.919564  0.627060  0.375408  0.974603  0.639051  0.065683  0.084563  0.749678  0.061238  0.007847  0.393694 
14  0.199457  0.358764  0.732072  0.838512  0.918334  0.169215  0.672376  0.966514  0.057701  0.676164  0.845440  0.342489  0.250550  0.596676  0.442364  0.174779  0.471566  0.410275  0.569696  0.508416  0.311875  0.356789  0.837473  0.250793 
15  0.472163  0.100721  0.433976  0.610518  0.913018  0.965971  0.476812  0.865302  0.260464  0.804634  0.548583  0.014507  0.719645  0.398426  0.824973  0.667823  0.001045  0.493402  0.867700  0.243862  0.325194  0.870377  0.191216  0.567709 
